Define CharList
 ( 'A', 'B', 'C', 'D', 'E', 'F', 'G', 'H', 'I', 'J', 'K', 'L', 'M', 'N', 'O', 'P',
   'Q', 'R', 'S', 'T', 'U', 'V', 'W', 'X', 'Y', 'Z', 'a', 'b', 'c', 'd', 'e', 'f',
   'g', 'h', 'i', 'j', 'k', 'l', 'm', 'n', 'o', 'p', 'q', 'r', 's', 't', 'u', 'v',
   'w', 'x', 'y', 'z', '0', '1', '2', '3', '4', '5', '6', '7', '8', '9', '~', '`',
   '!', '@', '#', '$', '%', '^', '&', '*', '(', ')', '_', '=', '+', '[', '{', ']',
   '}','\\', '|', ';', ':',"'", '"', ',', '<', '.', '>', '/', '?');

Define WidthList
 (   8,   7,   8,   7,   6,   6,   8,   7,   3,   6,   7,   7,  10,   7,   8,   7,
     8,   7,   7,   7,   7,   8,  10,   7,   7,   7,   6,   7,   6,   7,   7,   4,
     7,   7,   3,   3,   7,   3,  11,   7,   7,   7,   7,   5,   7,   4,   7,   6,
    10,   6,   6,   6,   6,   6,   6,   6,   6,   6,   6,   6,   6,   6,   6,   4,
     3,  11,   6,   6,   9,   6,   0,   4,   4,   4,   6,   6,   6,   4,   4,   4,
     4,   3,   3,   3,   3,   3,   5,   3,   6,   3,   6,   3,   7);

Define RectList
 ( (   0,  0,  9, 14), (  10,  0,  6, 14), (  17,  0,  7, 14), (  25,  0,  6, 14),
   (  32,  0,  5, 14), (  38,  0,  5, 14), (  44,  0,  7, 14), (  52,  0,  6, 14),
   (  59,  0,  2, 14), (  62,  0,  5, 14), (  68,  0,  7, 14), (  76,  0,  6, 14),
   (  83,  0,  9, 14), (  93,  0,  6, 14), ( 100,  0,  7, 14), ( 108,  0,  6, 14),
   ( 115,  0,  7, 14), ( 123,  0,  7, 14), ( 131,  0,  6, 14), ( 138,  0,  6, 14),
   ( 145,  0,  6, 14), ( 152,  0,  7, 14), ( 160,  0, 11, 14), ( 172,  0,  8, 14),
   ( 181,  0,  8, 14), ( 190,  0,  6, 14), ( 197,  0,  5, 14), ( 203,  0,  6, 14),
   ( 210,  0,  5, 14), ( 216,  0,  6, 14), ( 223,  0,  6, 14), ( 230,  0,  5, 14),
   ( 236,  0,  6, 14), ( 243,  0,  6, 14), ( 250,  0,  2, 14), ( 253,  0,  3, 14),
   ( 257,  0,  6, 14), ( 264,  0,  2, 14), ( 267,  0, 10, 14), ( 278,  0,  6, 14),
   ( 285,  0,  6, 14), ( 292,  0,  6, 14), ( 299,  0,  6, 14), ( 306,  0,  4, 14),
   ( 311,  0,  6, 14), ( 318,  0,  5, 14), ( 324,  0,  6, 14), ( 331,  0,  7, 14),
   ( 339,  0,  9, 14), ( 349,  0,  7, 14), ( 357,  0,  7, 14), ( 365,  0,  5, 14),
   ( 371,  0,  5, 14), ( 377,  0,  4, 14), ( 382,  0,  5, 14), ( 388,  0,  5, 14),
   ( 394,  0,  6, 14), ( 401,  0,  5, 14), ( 407,  0,  5, 14), ( 413,  0,  5, 14),
   ( 419,  0,  5, 14), ( 425,  0,  5, 14), ( 431,  0,  5, 14), ( 437,  0,  3, 14),
   ( 441,  0,  2, 14), ( 444,  0, 10, 14), ( 455,  0,  6, 14), ( 462,  0,  5, 14),
   ( 468,  0,  8, 14), ( 477,  0,  5, 14), ( 483,  0,  7, 14), ( 491,  0,  3, 14),
   ( 495,  0,  3, 14), ( 499,  0,  3, 14), ( 503,  0,  6, 14), ( 510,  0,  5, 14),
   ( 516,  0,  5, 14), ( 522,  0,  3, 14), ( 526,  0,  4, 14), ( 531,  0,  3, 14),
   ( 535,  0,  4, 14), ( 540,  0,  3, 14), ( 544,  0,  1, 14), ( 546,  0,  2, 14),
   ( 549,  0,  2, 14), ( 552,  0,  2, 14), ( 555,  0,  5, 14), ( 561,  0,  2, 14),
   ( 564,  0,  5, 14), ( 570,  0,  2, 14), ( 573,  0,  5, 14), ( 579,  0,  3, 14),
   ( 583,  0,  5, 14));

Define OffsetList
 ( (-1, 0), ( 0, 0), ( 0, 0), ( 0, 0), ( 0, 0), ( 0, 0), ( 0, 0), ( 0, 0),
   ( 0, 0), ( 0, 0), ( 0, 0), ( 0, 0), ( 0, 0), ( 0, 0), ( 0, 0), ( 0, 0),
   ( 0, 0), ( 0, 0), ( 0, 0), ( 0, 0), ( 0, 0), ( 0, 0), (-1, 0), (-1, 0),
   (-1, 0), ( 0, 0), ( 0, 0), ( 0, 0), ( 0, 0), ( 0, 0), ( 0, 0), (-1, 0),
   ( 0, 0), ( 0, 0), ( 0, 0), (-1, 0), ( 0, 0), ( 0, 0), ( 0, 0), ( 0, 0),
   ( 0, 0), ( 0, 0), ( 0, 0), ( 0, 0), ( 0, 0), (-1, 0), ( 0, 0), (-1, 0),
   ( 0, 0), (-1, 0), (-1, 0), ( 0, 0), ( 0, 0), ( 0, 0), ( 0, 0), ( 0, 0),
   ( 0, 0), ( 0, 0), ( 0, 0), ( 0, 0), ( 0, 0), ( 0, 0), ( 0, 0), ( 0, 0),
   ( 0, 0), ( 0, 0), ( 0, 0), ( 0, 0), ( 0, 0), ( 0, 0), ( 0, 0), ( 0, 0),
   ( 0, 0), ( 0, 0), ( 0, 0), ( 0, 0), ( 0, 0), ( 0, 0), (-1, 0), ( 0, 0),
   ( 0, 0), ( 0, 0), ( 1, 0), ( 0, 0), ( 0, 0), ( 0, 0), ( 0, 0), ( 0, 0),
   ( 0, 0), ( 0, 0), ( 0, 0), ( 0, 0), ( 1, 0));

Define KerningPairs
 ("11","AT","AV","AW","AY","F,","F.","FA","LT","LV","LW","LY","P,","P.","PA","T,",
  "T.","T:","T;","TA","Ta","Tc","Te","To","Tr","Ts","Tu","Tw","Ty","V,","V.","V:",
  "V;","VA","Va","Ve","Vo","Vr","W,","W.","WA","Y,","Y.","Y:","Y;","YA","Ya","Ye",
  "Yo","Yp","Yq","Yu","Yv","r,","r.","v,","v.","y,","y.");

Define KerningValues
 (  -1,  -1,  -1,  -1,  -1,  -1,  -1,  -1,  -1,  -1,  -1,  -1,  -1,  -1,  -1,  -1,
    -1,  -1,  -1,  -1,  -1,  -1,  -1,  -1,  -1,  -1,  -1,  -1,  -1,  -1,  -1,  -1,
    -1,  -1,  -1,  -1,  -1,  -1,  -1,  -1,  -1,  -1,  -1,  -1,  -1,  -1,  -1,  -1,
    -1,  -1,  -1,  -1,  -1,  -1,  -1,  -1,  -1,  -1,  -1);

CreateLayer          Main;
LayerSetImage        Main '../images/Arial8Bold';
LayerSetAscent       Main 11;
LayerSetCharWidths   Main CharList WidthList;
LayerSetCharWidths   Main (' ') (3);
LayerSetKerningPairs Main KerningPairs KerningValues;
LayerSetImageMap     Main CharList RectList;
LayerSetCharOffsets  Main CharList OffsetList;
LayerSetPointSize    Main 8;

SetDefaultPointSize  8;
