Define CharList
 ( 'A', 'B', 'C', 'D', 'E', 'F', 'G', 'H', 'I', 'J', 'K', 'L', 'M', 'N', 'O', 'P',
   'Q', 'R', 'S', 'T', 'U', 'V', 'W', 'X', 'Y', 'Z', 'a', 'b', 'c', 'd', 'e', 'f',
   'g', 'h', 'i', 'j', 'k', 'l', 'm', 'n', 'o', 'p', 'q', 'r', 's', 't', 'u', 'v',
   'w', 'x', 'y', 'z', '0', '1', '2', '3', '4', '5', '6', '7', '8', '9', '~', '`',
   '!', '@', '#', '$', '%', '^', '&', '*', '(', ')', '-', '_', '=', '+', '[', '{',
   ']', '}', ';', ':',"'", '"', ',', '<', '.', '>', '/', '?', '¡', '¢', '£', '¥',
   '§', '©', '®', '¿', 'À', 'Á', 'Â', 'Ã', 'Ä', 'Å', 'Æ', 'Ç', 'È', 'É', 'Ê', 'Ë',
   'Ì', 'Í', 'Î', 'Ï', 'Ð', 'Ñ', 'Ò', 'Ó', 'Ô', 'Õ', 'Ö', 'Ø', 'Ù', 'Ú', 'Û', 'Ü',
   'Ý', 'ß', 'à', 'á', 'â', 'ã', 'ä', 'å', 'æ', 'ç', 'è', 'é', 'ê', 'ë', 'ì', 'í',
   'î', 'ï', 'ð', 'ñ', 'ò', 'ó', 'ô', 'õ', 'ö', 'ø', 'ù', 'ú', 'û', 'ü', 'ý', 'ÿ');

Define WidthList
 (  10,  10,  10,  10,   9,   9,  11,  11,   5,   9,  11,   9,  12,  11,  11,   9,
    11,  10,   9,   9,  11,  10,  13,  10,  10,   9,   9,   9,   9,   9,   9,   5,
     9,   9,   4,   4,   9,   4,  13,   9,   9,   9,   9,   6,   8,   6,   9,   8,
    12,   9,   8,   7,   9,   9,   9,   9,   9,   9,   9,   9,   9,   9,   9,   4,
     4,  10,   9,   9,  13,   9,  12,   7,   5,   5,   4,   7,   9,   9,   5,   5,
     5,   5,   4,   4,   4,   7,   4,   9,   4,   9,   4,   8,   4,   9,   9,  10,
     9,   9,  10,   8,  10,  10,  10,  10,  10,  10,  13,  10,   9,   9,   9,   9,
     5,   5,   5,   5,  13,  13,  11,  11,  11,  11,  11,  11,  11,  11,  11,  11,
    11,  10,   9,   9,   9,   9,   9,   9,  13,   9,   9,   9,   9,   9,   4,   4,
     4,   4,   9,   9,   9,   9,   9,   9,   9,   9,   9,   9,   9,   9,   8,   8);

Define RectList
 ( (   0,  0,  9, 18), (  10,  0,  8, 18), (  19,  0,  8, 18), (  28,  0,  8, 18),
   (  37,  0,  7, 18), (  45,  0,  7, 18), (  53,  0,  9, 18), (  63,  0,  9, 18),
   (  73,  0,  3, 18), (  77,  0,  8, 18), (  86,  0, 10, 18), (  97,  0,  7, 18),
   ( 105,  0, 10, 18), ( 116,  0,  9, 18), ( 126,  0,  9, 18), ( 136,  0,  7, 18),
   ( 144,  0,  9, 18), ( 154,  0,  9, 18), ( 164,  0,  7, 18), ( 172,  0,  9, 18),
   ( 182,  0,  9, 18), ( 192,  0,  9, 18), ( 202,  0, 13, 18), ( 216,  0,  9, 18),
   ( 226,  0, 11, 18), ( 238,  0,  7, 18), ( 246,  0,  9, 18), ( 256,  0,  8, 18),
   ( 265,  0,  8, 18), ( 274,  0,  9, 18), ( 284,  0,  8, 18), ( 293,  0,  6, 18),
   ( 300,  0,  8, 18), ( 309,  0,  8, 18), ( 318,  0,  3, 18), ( 322,  0,  5, 18),
   ( 328,  0,  9, 18), ( 338,  0,  3, 18), ( 342,  0, 11, 18), ( 354,  0,  8, 18),
   ( 363,  0,  8, 18), ( 372,  0,  9, 18), ( 382,  0,  8, 18), ( 391,  0,  6, 18),
   ( 398,  0,  7, 18), ( 406,  0,  6, 18), ( 413,  0,  8, 18), ( 422,  0,  9, 18),
   ( 432,  0, 13, 18), ( 446,  0,  9, 18), ( 456,  0,  9, 18), ( 466,  0,  6, 18),
   ( 473,  0,  7, 18), ( 481,  0,  6, 18), ( 488,  0,  7, 18), ( 496,  0,  8, 18),
   ( 505,  0,  9, 18), ( 515,  0,  8, 18), ( 524,  0,  7, 18), ( 532,  0,  7, 18),
   ( 540,  0,  7, 18), ( 548,  0,  7, 18), ( 556,  0,  7, 18), ( 564,  0,  3, 18),
   ( 568,  0,  3, 18), ( 572,  0, 10, 18), ( 583,  0,  8, 18), ( 592,  0,  7, 18),
   ( 600,  0, 11, 18), ( 612,  0,  6, 18), ( 619,  0, 11, 18), ( 631,  0,  5, 18),
   ( 637,  0,  4, 18), ( 642,  0,  4, 18), ( 647,  0,  4, 18), ( 652,  0,  7, 18),
   ( 660,  0,  7, 18), ( 668,  0,  6, 18), ( 675,  0,  5, 18), ( 681,  0,  4, 18),
   ( 686,  0,  5, 18), ( 692,  0,  4, 18), ( 697,  0,  3, 18), ( 701,  0,  3, 18),
   ( 705,  0,  3, 18), ( 709,  0,  7, 18), ( 717,  0,  3, 18), ( 721,  0,  7, 18),
   ( 729,  0,  3, 18), ( 733,  0,  7, 18), ( 741,  0,  4, 18), ( 746,  0,  7, 18),
   ( 754,  0,  5, 18), ( 760,  0, 12, 18), ( 773,  0, 11, 18), ( 785,  0, 15, 18),
   ( 801,  0, 11, 18), ( 813,  0, 12, 18), ( 826,  0, 13, 18), ( 840,  0, 11, 18),
   ( 852,  0, 13, 18), ( 866,  0, 13, 18), ( 880,  0, 13, 18), ( 894,  0, 13, 18),
   ( 908,  0, 13, 18), ( 922,  0, 13, 18), ( 936,  0, 19, 18), ( 956,  0, 12, 18),
   ( 969,  0, 11, 18), ( 981,  0, 11, 18), ( 993,  0, 11, 18), (1005,  0, 11, 18),
   (1017,  0,  5, 18), (1023,  0,  5, 18), (1029,  0,  5, 18), (1035,  0,  5, 18),
   (1041,  0, 19, 18), (1061,  0, 19, 18), (1081,  0, 13, 18), (1095,  0, 13, 18),
   (1109,  0, 13, 18), (1123,  0, 13, 18), (1137,  0, 13, 18), (1151,  0, 13, 18),
   (1165,  0, 13, 18), (1179,  0, 13, 18), (1193,  0, 13, 18), (1207,  0, 13, 18),
   (1221,  0, 13, 18), (1235,  0, 12, 18), (1248,  0, 13, 18), (1262,  0, 13, 18),
   (1276,  0, 13, 18), (1290,  0, 13, 18), (1304,  0, 13, 18), (1318,  0, 13, 18),
   (1332,  0, 19, 18), (1352,  0, 12, 18), (1365,  0, 12, 18), (1378,  0, 12, 18),
   (1391,  0, 12, 18), (1404,  0, 12, 18), (1417,  0,  5, 18), (1423,  0,  5, 18),
   (1429,  0,  5, 18), (1435,  0,  5, 18), (1441,  0, 12, 18), (1454,  0, 12, 18),
   (1467,  0, 12, 18), (1480,  0, 12, 18), (1493,  0, 12, 18), (1506,  0, 12, 18),
   (1519,  0, 12, 18), (1532,  0, 12, 18), (1545,  0, 12, 18), (1558,  0, 12, 18),
   (1571,  0, 12, 18), (1584,  0, 12, 18), (1597,  0, 13, 18), (1611,  0, 13, 18));

Define OffsetList
 ( ( 0, 0), ( 1, 0), ( 1, 0), ( 1, 0), ( 1, 0), ( 1, 0), ( 1, 0), ( 1, 0),
   ( 1, 0), ( 0, 0), ( 1, 0), ( 1, 0), ( 1, 0), ( 1, 0), ( 1, 0), ( 1, 0),
   ( 1, 0), ( 1, 0), ( 1, 0), ( 0, 0), ( 1, 0), ( 1, 0), ( 0, 0), ( 0, 0),
   ( 0, 0), ( 1, 0), ( 0, 0), ( 0, 0), ( 0, 0), (-1, 0), ( 0, 0), (-1, 0),
   ( 0, 0), ( 0, 0), ( 0, 0), (-2, 0), ( 0, 0), ( 0, 0), ( 1, 0), ( 0, 0),
   ( 0, 0), ( 0, 0), ( 0, 0), ( 0, 0), ( 0, 0), ( 0, 0), ( 0, 0), (-1, 0),
   (-1, 0), ( 0, 0), (-1, 0), ( 0, 0), ( 1, 0), ( 1, 0), ( 1, 0), ( 0, 0),
   ( 0, 0), ( 0, 0), ( 1, 0), ( 1, 0), ( 1, 0), ( 1, 0), ( 1, 0), ( 0, 0),
   ( 0, 0), ( 0, 0), ( 0, 0), ( 1, 0), ( 1, 0), ( 1, 0), ( 1, 0), ( 1, 0),
   ( 1, 0), ( 0, 0), ( 0, 0), ( 0, 0), ( 1, 0), ( 1, 0), ( 0, 0), ( 0, 0),
   ( 0, 0), ( 1, 0), ( 0, 0), ( 0, 0), ( 1, 0), ( 0, 0), ( 0, 0), ( 1, 0),
   ( 0, 0), ( 1, 0), ( 0, 0), ( 0, 0), (-1, 0), (-2, 0), (-1, 0), (-2, 0),
   (-1, 0), (-2, 0), (-1, 0), (-2, 0), (-2, 0), (-2, 0), (-2, 0), (-2, 0),
   (-2, 0), (-2, 0), (-3, 0), (-1, 0), (-1, 0), (-1, 0), (-1, 0), (-1, 0),
   ( 0, 0), ( 0, 0), ( 0, 0), ( 0, 0), (-3, 0), (-3, 0), (-1, 0), (-1, 0),
   (-1, 0), (-1, 0), (-1, 0), (-1, 0), (-1, 0), (-1, 0), (-1, 0), (-1, 0),
   (-1, 0), (-1, 0), (-2, 0), (-2, 0), (-2, 0), (-2, 0), (-2, 0), (-2, 0),
   (-3, 0), (-2, 0), (-2, 0), (-2, 0), (-2, 0), (-2, 0), (-1, 0), (-1, 0),
   (-1, 0), (-1, 0), (-2, 0), (-2, 0), (-2, 0), (-2, 0), (-2, 0), (-2, 0),
   (-2, 0), (-2, 0), (-2, 0), (-2, 0), (-2, 0), (-2, 0), (-3, 0), (-3, 0));

Define KerningPairs
 ("AT","AU","AV","AY","DA","DV","DY","DÄ","DÅ","F,","F.","FA","Fe","Fo","Fr","FÄ",
  "FÅ","Fö","KC","KG","KO","Ke","Ko","KÖ","Kö","LT","LV","LY","OA","OV","OX","OY",
  "OÄ","OÅ","P,","P.","PA","PÄ","PÅ","Q,","QV","QY","RY","T,","T-","T.","T:","T;",
  "TA","TC","TG","TO","TQ","Ta","Tc","Te","Tm","To","Tr","Ts","Tu","Tz","TÄ","TÅ",
  "TÖ","Tå","U.","UA","UÄ","UÅ","V,","V-","V.","VA","VC","VG","VO","VQ","Va","Ve",
  "Vo","Vr","Vu","VÄ","VÅ","VÖ","Vå","W,","W.","Wh","Wi","XC","XG","XO","XÖ","Y,",
  "Y-","Y.","Y:","Y;","YA","YC","YG","YO","YS","Ya","Yd","Ye","Yo","Yp","Yq","Yu",
  "YÄ","YÅ","YÖ","Yå","f!","f,","f.","f?","ke","ko","kö","ov","ox","r,","r.","r:",
  "r;","rj","rk","rl","rm","rn","rp","rr","rt","ru","rv","ry","rü","v,","v.","w,",
  "w.","y,","y.","ÄT","ÄU","ÄV","ÄY","ÅT","ÅU","ÅV","ÅY","ÖA","ÖV","ÖX","ÖY","ÜA",
  "öv","öx");

Define KerningValues (  -1,  -1,  -1,  -1,  -1,  -1,  -1,  -1,  -1,  -2,  -3,  -2,  -1,  -1,  -1,  -2,    -2,  -1,  -1,  -1,  -1,  -1,  -1,  -1,  -1,  -1,  -1,  -1,  -1,  -1,  -1,  -1,    -1,  -1,  -3,  -3,  -1,  -1,  -1,   1,  -1,  -1,  -1,  -2,  -1,  -3,  -1,  -1,    -1,  -1,  -1,  -1,  -1,  -1,  -1,  -1,  -1,  -1,  -1,  -1,  -1,  -1,  -1,  -1,    -1,  -1,  -1,  -1,  -1,  -1,  -2,  -1,  -2,  -1,  -1,  -1,  -1,  -1,  -1,  -1,    -1,  -1,  -1,  -1,  -1,  -1,  -1,  -1,  -1,   1,   1,  -1,  -1,  -1,  -1,  -3,    -1,  -3,  -1,  -1,  -2,  -1,  -1,  -1,  -1,  -1,  -2,  -2,  -1,  -1,  -1,  -1,    -2,  -2,  -1,  -1,   1,  -1,  -1,   1,  -1,  -1,  -1,  -1,  -1,  -1,  -1,   1,     1,   1,   1,   1,   1,   1,   1,   1,   1,   1,   1,   1,   1,  -1,  -2,  -1,    -1,  -1,  -2,  -1,  -1,  -1,  -1,  -1,  -1,  -1,  -1,  -1,  -1,  -1,  -1,  -1,    -1,  -1);

CreateLayer               Main;
LayerSetImage             Main '../images/ArialBlack10';
LayerSetAscent            Main 14;
LayerSetCharWidths        Main CharList WidthList;
LayerSetCharWidths        Main (' ') (4);
LayerSetKerningPairs      Main KerningPairs KerningValues;
LayerSetImageMap          Main CharList RectList;
LayerSetCharOffsets       Main CharList OffsetList;
LayerSetAscentPadding     Main 0;
LayerSetLineSpacingOffset Main 0;
LayerSetPointSize         Main 10;

SetDefaultPointSize  10;
