Define CharList
 ( 'A', 'B', 'C', 'D', 'E', 'F', 'G', 'H', 'I', 'J', 'K', 'L', 'M', 'N', 'O', 'P',
   'Q', 'R', 'S', 'T', 'U', 'V', 'W', 'X', 'Y', 'Z', 'a', 'b', 'c', 'd', 'e', 'f',
   'g', 'h', 'i', 'j', 'k', 'l', 'm', 'n', 'o', 'p', 'q', 'r', 's', 't', 'u', 'v',
   'w', 'x', 'y', 'z', '0', '1', '2', '3', '4', '5', '6', '7', '8', '9', '~', '`',
   '!', '@', '#', '$', '%', '^', '&', '*', '(', ')', '_', '=', '+', '[', '{', ']',
   '}','\\', '|', ';', ':',"'", '"', ',', '<', '.', '>', '/', '?');

Define WidthList
 (   8,   7,   7,   7,   6,   6,   8,   7,   2,   5,   7,   6,   8,   7,   8,   6,
     8,   7,   7,   6,   7,   8,  10,   7,   8,   7,   6,   6,   6,   6,   6,   4,
     6,   6,   2,   2,   5,   2,   8,   6,   6,   6,   6,   4,   6,   3,   6,   6,
    10,   6,   6,   6,   6,   6,   6,   6,   6,   6,   6,   6,   6,   6,   6,   4,
     2,  11,   6,   6,  10,   5,   0,   4,   4,   4,   6,   6,   6,   3,   4,   3,
     4,   3,   2,   3,   3,   2,   4,   3,   6,   3,   6,   3,   6);

Define RectList
 ( (   0,  0,  7, 14), (   8,  0,  6, 14), (  15,  0,  6, 14), (  22,  0,  6, 14),
   (  29,  0,  5, 14), (  35,  0,  5, 14), (  41,  0,  7, 14), (  49,  0,  6, 14),
   (  56,  0,  1, 14), (  58,  0,  4, 14), (  63,  0,  6, 14), (  70,  0,  5, 14),
   (  76,  0,  7, 14), (  84,  0,  6, 14), (  91,  0,  7, 14), (  99,  0,  5, 14),
   ( 105,  0,  7, 14), ( 113,  0,  6, 14), ( 120,  0,  6, 14), ( 127,  0,  5, 14),
   ( 133,  0,  6, 14), ( 140,  0,  7, 14), ( 148,  0, 11, 14), ( 160,  0,  6, 14),
   ( 167,  0,  7, 14), ( 175,  0,  6, 14), ( 182,  0,  5, 14), ( 188,  0,  5, 14),
   ( 194,  0,  5, 14), ( 200,  0,  5, 14), ( 206,  0,  5, 14), ( 212,  0,  3, 14),
   ( 216,  0,  5, 14), ( 222,  0,  5, 14), ( 228,  0,  1, 14), ( 230,  0,  2, 14),
   ( 233,  0,  4, 14), ( 238,  0,  1, 14), ( 240,  0,  7, 14), ( 248,  0,  5, 14),
   ( 254,  0,  5, 14), ( 260,  0,  5, 14), ( 266,  0,  5, 14), ( 272,  0,  3, 14),
   ( 276,  0,  5, 14), ( 282,  0,  3, 14), ( 286,  0,  5, 14), ( 292,  0,  5, 14),
   ( 298,  0,  9, 14), ( 308,  0,  5, 14), ( 314,  0,  5, 14), ( 320,  0,  5, 14),
   ( 326,  0,  5, 14), ( 332,  0,  3, 14), ( 336,  0,  5, 14), ( 342,  0,  5, 14),
   ( 348,  0,  5, 14), ( 354,  0,  5, 14), ( 360,  0,  5, 14), ( 366,  0,  5, 14),
   ( 372,  0,  5, 14), ( 378,  0,  5, 14), ( 384,  0,  5, 14), ( 390,  0,  2, 14),
   ( 393,  0,  1, 14), ( 395,  0, 10, 14), ( 406,  0,  5, 14), ( 412,  0,  5, 14),
   ( 418,  0,  9, 14), ( 428,  0,  5, 14), ( 434,  0,  6, 14), ( 441,  0,  3, 14),
   ( 445,  0,  3, 14), ( 449,  0,  3, 14), ( 453,  0,  6, 14), ( 460,  0,  5, 14),
   ( 466,  0,  5, 14), ( 472,  0,  2, 14), ( 475,  0,  3, 14), ( 479,  0,  2, 14),
   ( 482,  0,  3, 14), ( 486,  0,  3, 14), ( 490,  0,  1, 14), ( 492,  0,  1, 14),
   ( 494,  0,  1, 14), ( 496,  0,  1, 14), ( 498,  0,  3, 14), ( 502,  0,  1, 14),
   ( 504,  0,  5, 14), ( 510,  0,  1, 14), ( 512,  0,  5, 14), ( 518,  0,  3, 14),
   ( 522,  0,  5, 14));

Define OffsetList
 ( ( 0, 0), ( 0, 0), ( 0, 0), ( 0, 0), ( 0, 0), ( 0, 0), ( 0, 0), ( 0, 0),
   ( 0, 0), ( 0, 0), ( 0, 0), ( 0, 0), ( 0, 0), ( 0, 0), ( 0, 0), ( 0, 0),
   ( 0, 0), ( 0, 0), ( 0, 0), ( 0, 0), ( 0, 0), ( 0, 0), (-1, 0), ( 0, 0),
   ( 0, 0), ( 0, 0), ( 0, 0), ( 0, 0), ( 0, 0), ( 0, 0), ( 0, 0), ( 0, 0),
   ( 0, 0), ( 0, 0), ( 0, 0), (-1, 0), ( 0, 0), ( 0, 0), ( 0, 0), ( 0, 0),
   ( 0, 0), ( 0, 0), ( 0, 0), ( 0, 0), ( 0, 0), (-1, 0), ( 0, 0), ( 0, 0),
   ( 0, 0), ( 0, 0), ( 0, 0), ( 0, 0), ( 0, 0), ( 0, 0), ( 0, 0), ( 0, 0),
   ( 0, 0), ( 0, 0), ( 0, 0), ( 0, 0), ( 0, 0), ( 0, 0), ( 0, 0), ( 0, 0),
   ( 0, 0), ( 0, 0), ( 0, 0), ( 0, 0), ( 0, 0), ( 0, 0), ( 0, 0), ( 0, 0),
   ( 0, 0), ( 0, 0), ( 0, 0), ( 0, 0), ( 0, 0), ( 0, 0), ( 0, 0), ( 0, 0),
   ( 1, 0), ( 0, 0), ( 0, 0), ( 0, 0), ( 0, 0), ( 0, 0), ( 0, 0), ( 1, 0),
   ( 0, 0), ( 1, 0), ( 0, 0), ( 0, 0), ( 0, 0));

Define KerningPairs
 ("11","AT","AV","AY","F,","F.","FA","LT","LV","LW","LY","P,","P.","PA","T,","T.",
  "T:","T;","TA","Ta","Tc","Te","To","Ts","Tw","Ty","V,","V.","VA","Va","Ve","Vo",
  "W,","W.","Y,","Y.","Y:","Y;","YA","Ya","Ye","Yo","Yp","Yq","Yu","Yv","r,","r.",
  "v,","v.","w,","w.","y,","y.");

Define KerningValues
 (  -1,  -1,  -1,  -1,  -1,  -1,  -1,  -1,  -1,  -1,  -1,  -1,  -1,  -1,  -1,  -1,
    -1,  -1,  -1,  -1,  -1,  -1,  -1,  -1,  -1,  -1,  -1,  -1,  -1,  -1,  -1,  -1,
    -1,  -1,  -1,  -1,  -1,  -1,  -1,  -1,  -1,  -1,  -1,  -1,  -1,  -1,  -1,  -1,
    -1,  -1,  -1,  -1,  -1,  -1);

CreateLayer          Main;
LayerSetImage        Main '../images/Arial8';
LayerSetAscent       Main 11;
LayerSetCharWidths   Main CharList WidthList;
LayerSetCharWidths   Main (' ') (3);
LayerSetKerningPairs Main KerningPairs KerningValues;
LayerSetImageMap     Main CharList RectList;
LayerSetCharOffsets  Main CharList OffsetList;
LayerSetPointSize    Main 8;

SetDefaultPointSize  8;
