Define CharList
 ( 'A', 'B', 'C', 'D', 'E', 'F', 'G', 'H', 'I', 'J', 'K', 'L', 'M', 'N', 'O', 'P',
   'Q', 'R', 'S', 'T', 'U', 'V', 'W', 'X', 'Y', 'Z', 'a', 'b', 'c', 'd', 'e', 'f',
   'g', 'h', 'i', 'j', 'k', 'l', 'm', 'n', 'o', 'p', 'q', 'r', 's', 't', 'u', 'v',
   'w', 'x', 'y', 'z', '0', '1', '2', '3', '4', '5', '6', '7', '8', '9', '~', '`',
   '!', '@', '#', '$', '%', '^', '&', '*', '(', ')', '-', '_', '=', '+', '[', '{',
   ']', '}', ';', ':',"'", '"', ',', '<', '.', '>', '/', '?');

Define WidthList
 (  22,  21,  19,  21,  19,  18,  21,  21,   8,  11,  19,  18,  28,  21,  20,  20,
    21,  20,  18,  18,  21,  21,  29,  21,  21,  19,  19,  19,  15,  19,  18,  10,
    19,  18,   8,  10,  18,   8,  26,  18,  19,  19,  19,  10,  17,  10,  18,  18,
    25,  17,  18,  18,  21,  21,  21,  21,  22,  21,  21,  21,  21,  21,  20,  14,
     9,  25,  24,  18,  31,  20,  24,  15,  10,  10,  11,  19,  23,  21,   9,  12,
     9,  12,   9,   9,   7,  12,   8,  19,   8,  19,  20,  18);

Define RectList
 ( (   0,  0, 23, 36), (  24,  0, 19, 36), (  44,  0, 17, 36), (  62,  0, 19, 36),
   (  82,  0, 17, 36), ( 100,  0, 17, 36), ( 118,  0, 19, 36), ( 138,  0, 19, 36),
   ( 158,  0,  6, 36), ( 165,  0, 10, 36), ( 176,  0, 19, 36), ( 196,  0, 17, 36),
   ( 214,  0, 26, 36), ( 241,  0, 19, 36), ( 261,  0, 18, 36), ( 280,  0, 19, 36),
   ( 300,  0, 18, 36), ( 319,  0, 18, 36), ( 338,  0, 17, 36), ( 356,  0, 15, 36),
   ( 372,  0, 19, 36), ( 392,  0, 23, 36), ( 416,  0, 29, 36), ( 446,  0, 22, 36),
   ( 469,  0, 23, 36), ( 493,  0, 18, 36), ( 512,  0, 16, 36), ( 529,  0, 16, 36),
   ( 546,  0, 13, 36), ( 560,  0, 16, 36), ( 577,  0, 16, 36), ( 594,  0,  9, 36),
   ( 604,  0, 17, 36), ( 622,  0, 16, 36), ( 639,  0,  6, 36), ( 646,  0,  8, 36),
   ( 655,  0, 17, 36), ( 673,  0,  6, 36), ( 680,  0, 24, 36), ( 705,  0, 16, 36),
   ( 722,  0, 17, 36), ( 740,  0, 16, 36), ( 757,  0, 16, 36), ( 774,  0,  9, 36),
   ( 784,  0, 15, 36), ( 800,  0,  9, 36), ( 810,  0, 16, 36), ( 827,  0, 20, 36),
   ( 848,  0, 25, 36), ( 874,  0, 18, 36), ( 893,  0, 16, 36), ( 910,  0, 18, 36),
   ( 929,  0, 18, 36), ( 948,  0,  6, 36), ( 955,  0, 17, 36), ( 973,  0, 17, 36),
   ( 991,  0, 17, 36), (1009,  0, 17, 36), (1027,  0, 18, 36), (1046,  0, 18, 36),
   (1065,  0, 18, 36), (1084,  0, 18, 36), (1103,  0, 16, 36), (1120,  0, 10, 36),
   (1131,  0,  7, 36), (1139,  0, 24, 36), (1164,  0, 24, 36), (1189,  0, 17, 36),
   (1207,  0, 31, 36), (1239,  0, 16, 36), (1256,  0, 22, 36), (1279,  0, 13, 36),
   (1293,  0,  9, 36), (1303,  0,  9, 36), (1313,  0, 10, 36), (1324,  0, 20, 36),
   (1345,  0, 21, 36), (1367,  0, 19, 36), (1387,  0,  7, 36), (1395,  0, 10, 36),
   (1406,  0,  7, 36), (1414,  0, 10, 36), (1425,  0,  7, 36), (1433,  0,  7, 36),
   (1441,  0,  5, 36), (1447,  0, 11, 36), (1459,  0,  8, 36), (1468,  0, 19, 36),
   (1488,  0,  6, 36), (1495,  0, 19, 36), (1515,  0, 20, 36), (1536,  0, 17, 36));

Define OffsetList
 ( (-1, 0), ( 1, 0), ( 1, 0), ( 1, 0), ( 1, 0), ( 1, 0), ( 1, 0), ( 1, 0),
   ( 1, 0), ( 0, 0), ( 1, 0), ( 1, 0), ( 1, 0), ( 1, 0), ( 1, 0), ( 1, 0),
   ( 1, 0), ( 1, 0), ( 1, 0), ( 1, 0), ( 1, 0), (-1, 0), ( 0, 0), (-1, 0),
   (-1, 0), ( 0, 0), ( 1, 0), ( 1, 0), ( 1, 0), ( 1, 0), ( 1, 0), ( 1, 0),
   ( 1, 0), ( 1, 0), ( 1, 0), ( 0, 0), ( 1, 0), ( 1, 0), ( 1, 0), ( 1, 0),
   ( 1, 0), ( 1, 0), ( 1, 0), ( 1, 0), ( 1, 0), ( 1, 0), ( 1, 0), (-1, 0),
   ( 0, 0), (-1, 0), ( 1, 0), ( 0, 0), ( 1, 0), ( 7, 0), ( 2, 0), ( 2, 0),
   ( 2, 0), ( 2, 0), ( 1, 0), ( 1, 0), ( 1, 0), ( 1, 0), ( 2, 0), ( 0, 0),
   ( 1, 0), ( 0, 0), ( 0, 0), ( 1, 0), ( 0, 0), ( 2, 0), ( 1, 0), ( 1, 0),
   ( 1, 0), ( 0, 0), ( 0, 0), (-1, 0), ( 1, 0), ( 1, 0), ( 1, 0), ( 1, 0),
   ( 0, 0), ( 1, 0), ( 1, 0), ( 1, 0), ( 1, 0), ( 1, 0), (-1, 0), ( 0, 0),
   ( 0, 0), ( 1, 0), ( 0, 0), ( 0, 0));

CreateLayer               Main;
LayerSetImage             Main 'ContinuumBold26';
LayerSetAscent            Main 29;
LayerSetCharWidths        Main CharList WidthList;
LayerSetCharWidths        Main (' ') (10);
LayerSetImageMap          Main CharList RectList;
LayerSetCharOffsets       Main CharList OffsetList;
LayerSetAscentPadding     Main 0;
LayerSetLineSpacingOffset Main 0;
LayerSetPointSize         Main 26;

SetDefaultPointSize  26;
