Define CharList
 ( 'A', 'B', 'C', 'D', 'E', 'F', 'G', 'H', 'I', 'J', 'K', 'L', 'M', 'N', 'O', 'P',
   'Q', 'R', 'S', 'T', 'U', 'V', 'W', 'X', 'Y', 'Z', 'a', 'b', 'c', 'd', 'e', 'f',
   'g', 'h', 'i', 'j', 'k', 'l', 'm', 'n', 'o', 'p', 'q', 'r', 's', 't', 'u', 'v',
   'w', 'x', 'y', 'z', '0', '1', '2', '3', '4', '5', '6', '7', '8', '9', '~', '`',
   '!', '@', '#', '$', '%', '^', '&', '*', '(', ')', '-', '_', '=', '+', '[', '{',
   ']', '}', ';', ':',"'", '"', ',', '<', '.', '>', '/', '?');

Define WidthList
 (   7,   7,   7,   8,   7,   7,   7,   8,   3,   3,   7,   6,  10,   7,   8,   7,
     7,   7,   6,   5,   7,   7,  10,   8,   7,   6,   7,   7,   5,   7,   7,   3,
     7,   7,   3,   3,   6,   3,   9,   7,   7,   7,   7,   3,   6,   3,   7,   6,
     9,   6,   7,   6,   8,   8,   8,   8,   8,   8,   8,   8,   8,   8,   6,   4,
     3,   9,   7,   6,   9,   6,   8,   5,   3,   3,   4,   7,   8,   8,   3,   4,
     3,   4,   2,   2,   2,   4,   2,   6,   2,   6,   7,   6);

Define RectList
 ( (   0,  0, 17, 23), (  18,  0, 15, 23), (  34,  0, 15, 23), (  50,  0, 15, 23),
   (  66,  0, 15, 23), (  82,  0, 15, 23), (  98,  0, 15, 23), ( 114,  0, 15, 23),
   ( 130,  0, 10, 23), ( 141,  0, 11, 23), ( 153,  0, 15, 23), ( 169,  0, 15, 23),
   ( 185,  0, 17, 23), ( 203,  0, 15, 23), ( 219,  0, 15, 23), ( 235,  0, 15, 23),
   ( 251,  0, 15, 23), ( 267,  0, 15, 23), ( 283,  0, 14, 23), ( 298,  0, 14, 23),
   ( 313,  0, 15, 23), ( 329,  0, 17, 23), ( 347,  0, 18, 23), ( 366,  0, 16, 23),
   ( 383,  0, 16, 23), ( 400,  0, 14, 23), ( 415,  0, 14, 23), ( 430,  0, 14, 23),
   ( 445,  0, 13, 23), ( 459,  0, 14, 23), ( 474,  0, 14, 23), ( 489,  0, 11, 23),
   ( 501,  0, 14, 23), ( 516,  0, 14, 23), ( 531,  0, 10, 23), ( 542,  0, 11, 23),
   ( 554,  0, 14, 23), ( 569,  0, 10, 23), ( 580,  0, 16, 23), ( 597,  0, 14, 23),
   ( 612,  0, 14, 23), ( 627,  0, 14, 23), ( 642,  0, 14, 23), ( 657,  0, 11, 23),
   ( 669,  0, 14, 23), ( 684,  0, 11, 23), ( 696,  0, 14, 23), ( 711,  0, 14, 23),
   ( 726,  0, 17, 23), ( 744,  0, 14, 23), ( 759,  0, 14, 23), ( 774,  0, 14, 23),
   ( 789,  0, 15, 23), ( 805,  0, 10, 23), ( 816,  0, 14, 23), ( 831,  0, 14, 23),
   ( 846,  0, 15, 23), ( 862,  0, 14, 23), ( 877,  0, 15, 23), ( 893,  0, 15, 23),
   ( 909,  0, 15, 23), ( 925,  0, 15, 23), ( 941,  0, 14, 23), ( 956,  0, 11, 23),
   ( 968,  0, 11, 23), ( 980,  0, 17, 23), ( 998,  0, 15, 23), (1014,  0, 14, 23),
   (1029,  0, 17, 23), (1047,  0, 15, 23), (1063,  0, 17, 23), (1081,  0, 13, 23),
   (1095,  0, 11, 23), (1107,  0, 11, 23), (1119,  0, 12, 23), (1132,  0, 16, 23),
   (1149,  0, 15, 23), (1165,  0, 15, 23), (1181,  0, 11, 23), (1193,  0, 11, 23),
   (1205,  0, 11, 23), (1217,  0, 10, 23), (1228,  0, 11, 23), (1240,  0, 10, 23),
   (1251,  0, 10, 23), (1262,  0, 11, 23), (1274,  0, 10, 23), (1285,  0, 14, 23),
   (1300,  0, 10, 23), (1311,  0, 15, 23), (1327,  0, 15, 23), (1343,  0, 14, 23));

Define OffsetList
 ( (-5, 0), (-4, 0), (-4, 0), (-4, 0), (-4, 0), (-4, 0), (-4, 0), (-4, 0),
   (-4, 0), (-4, 0), (-4, 0), (-4, 0), (-4, 0), (-4, 0), (-4, 0), (-4, 0),
   (-4, 0), (-4, 0), (-4, 0), (-4, 0), (-4, 0), (-5, 0), (-4, 0), (-4, 0),
   (-5, 0), (-4, 0), (-4, 0), (-4, 0), (-4, 0), (-4, 0), (-4, 0), (-4, 0),
   (-4, 0), (-4, 0), (-4, 0), (-5, 0), (-4, 0), (-4, 0), (-4, 0), (-4, 0),
   (-4, 0), (-4, 0), (-4, 0), (-4, 0), (-4, 0), (-4, 0), (-4, 0), (-4, 0),
   (-4, 0), (-4, 0), (-4, 0), (-4, 0), (-4, 0), (-1, 0), (-3, 0), (-4, 0),
   (-4, 0), (-3, 0), (-4, 0), (-4, 0), (-4, 0), (-4, 0), (-4, 0), (-4, 0),
   (-4, 0), (-4, 0), (-4, 0), (-4, 0), (-4, 0), (-5, 0), (-4, 0), (-4, 0),
   (-4, 0), (-4, 0), (-4, 0), (-5, 0), (-4, 0), (-4, 0), (-4, 0), (-4, 0),
   (-4, 0), (-3, 0), (-4, 0), (-4, 0), (-4, 0), (-4, 0), (-4, 0), (-4, 0),
   (-4, 0), (-5, 0), (-4, 0), (-4, 0));

CreateLayer               Main;
LayerSetImage             Main 'ContinuumMedium9';
LayerSetAscent            Main 16;
LayerSetCharWidths        Main CharList WidthList;
LayerSetCharWidths        Main (' ') (3);
LayerSetImageMap          Main CharList RectList;
LayerSetCharOffsets       Main CharList OffsetList;
LayerSetAscentPadding     Main 4;
LayerSetLineSpacingOffset Main -4;
LayerSetPointSize         Main 9;

SetDefaultPointSize  9;
