Define CharList
 ( 'A', 'B', 'C', 'D', 'E', 'F', 'G', 'H', 'I', 'J', 'K', 'L', 'M', 'N', 'O', 'P',
   'Q', 'R', 'S', 'T', 'U', 'V', 'W', 'X', 'Y', 'Z', 'a', 'b', 'c', 'd', 'e', 'f',
   'g', 'h', 'i', 'j', 'k', 'l', 'm', 'n', 'o', 'p', 'q', 'r', 's', 't', 'u', 'v',
   'w', 'x', 'y', 'z', '0', '1', '2', '3', '4', '5', '6', '7', '8', '9', '~', '`',
   '!', '@', '#', '$', '%', '^', '&', '*', '(', ')', '-', '_', '=', '+', '[', '{',
   ']', '}', ';', ':',"'", '"', ',', '<', '.', '>', '/', '?');

Define WidthList
 (  10,  10,   9,  10,   9,   9,  10,  10,   4,   4,   9,   8,  13,  10,  10,   9,
    10,  10,   9,   7,  10,  10,  13,  10,   9,   8,   9,   9,   7,   9,   9,   4,
     9,   9,   3,   3,   8,   3,  12,   9,   9,   9,   9,   4,   8,   4,   9,   8,
    12,   8,   9,   8,  10,  10,  10,  10,  10,  10,  10,  10,  10,  10,   9,   5,
     4,  11,  10,   9,  11,   8,  11,   6,   4,   4,   5,   9,  10,  10,   4,   5,
     4,   5,   3,   3,   3,   5,   3,   8,   3,   8,   9,   8);

Define RectList
 ( (   0,  0, 18, 24), (  20,  0, 16, 24), (  38,  0, 16, 24), (  56,  0, 16, 24),
   (  74,  0, 16, 24), (  92,  0, 16, 24), ( 110,  0, 16, 24), ( 128,  0, 17, 24),
   ( 147,  0, 10, 24), ( 159,  0, 12, 24), ( 173,  0, 17, 24), ( 192,  0, 16, 24),
   ( 210,  0, 20, 24), ( 232,  0, 16, 24), ( 250,  0, 16, 24), ( 268,  0, 16, 24),
   ( 286,  0, 16, 24), ( 304,  0, 16, 24), ( 322,  0, 16, 24), ( 340,  0, 15, 24),
   ( 357,  0, 16, 24), ( 375,  0, 18, 24), ( 395,  0, 21, 24), ( 418,  0, 19, 24),
   ( 439,  0, 19, 24), ( 460,  0, 16, 24), ( 478,  0, 15, 24), ( 495,  0, 15, 24),
   ( 512,  0, 14, 24), ( 528,  0, 15, 24), ( 545,  0, 15, 24), ( 562,  0, 11, 24),
   ( 575,  0, 15, 24), ( 592,  0, 15, 24), ( 609,  0, 11, 24), ( 622,  0, 11, 24),
   ( 635,  0, 16, 24), ( 653,  0, 10, 24), ( 665,  0, 18, 24), ( 685,  0, 15, 24),
   ( 702,  0, 15, 24), ( 719,  0, 15, 24), ( 736,  0, 15, 24), ( 753,  0, 11, 24),
   ( 766,  0, 15, 24), ( 783,  0, 11, 24), ( 796,  0, 15, 24), ( 813,  0, 16, 24),
   ( 831,  0, 20, 24), ( 853,  0, 16, 24), ( 871,  0, 15, 24), ( 888,  0, 16, 24),
   ( 906,  0, 16, 24), ( 924,  0, 10, 24), ( 936,  0, 16, 24), ( 954,  0, 16, 24),
   ( 972,  0, 16, 24), ( 990,  0, 16, 24), (1008,  0, 16, 24), (1026,  0, 16, 24),
   (1044,  0, 16, 24), (1062,  0, 16, 24), (1080,  0, 16, 24), (1098,  0, 12, 24),
   (1112,  0, 10, 24), (1124,  0, 19, 24), (1145,  0, 18, 24), (1165,  0, 16, 24),
   (1183,  0, 19, 24), (1204,  0, 17, 24), (1223,  0, 19, 24), (1244,  0, 14, 24),
   (1260,  0, 11, 24), (1273,  0, 12, 24), (1287,  0, 13, 24), (1302,  0, 17, 24),
   (1321,  0, 17, 24), (1340,  0, 17, 24), (1359,  0, 11, 24), (1372,  0, 13, 24),
   (1387,  0, 12, 24), (1401,  0, 13, 24), (1416,  0, 11, 24), (1429,  0, 11, 24),
   (1442,  0, 11, 24), (1455,  0, 13, 24), (1470,  0, 11, 24), (1483,  0, 16, 24),
   (1501,  0, 11, 24), (1514,  0, 16, 24), (1532,  0, 17, 24), (1551,  0, 16, 24));

Define OffsetList
 ( ( 0, 4), ( 1, 4), ( 1, 4), ( 1, 4), ( 1, 4), ( 1, 4), ( 1, 4), ( 1, 4),
   ( 1, 4), ( 0, 4), ( 1, 4), ( 1, 4), ( 1, 4), ( 1, 4), ( 1, 4), ( 1, 4),
   ( 1, 4), ( 1, 4), ( 0, 4), ( 0, 4), ( 1, 4), ( 0, 4), ( 0, 4), ( 0, 4),
   (-1, 4), ( 0, 4), ( 1, 4), ( 1, 4), ( 1, 4), ( 1, 4), ( 1, 4), ( 1, 4),
   ( 1, 4), ( 1, 4), ( 0, 4), ( 0, 4), ( 1, 4), ( 1, 4), ( 1, 4), ( 1, 4),
   ( 1, 4), ( 1, 4), ( 1, 4), ( 1, 4), ( 0, 4), ( 1, 4), ( 1, 4), ( 0, 4),
   ( 0, 4), ( 0, 4), ( 1, 4), ( 0, 4), ( 1, 4), ( 4, 4), ( 1, 4), ( 1, 4),
   ( 1, 4), ( 1, 4), ( 1, 4), ( 1, 4), ( 1, 4), ( 1, 4), ( 0, 4), ( 0, 4),
   ( 1, 4), ( 0, 4), ( 0, 4), ( 0, 4), ( 0, 4), (-1, 4), ( 0, 4), ( 0, 4),
   ( 1, 4), ( 0, 4), ( 0, 4), ( 0, 4), ( 1, 4), ( 0, 4), ( 1, 4), ( 0, 4),
   ( 0, 4), ( 0, 4), ( 0, 4), ( 0, 4), ( 0, 4), ( 0, 4), ( 0, 4), ( 0, 4),
   ( 0, 4), ( 0, 4), ( 0, 4), ( 0, 4));

CreateLayer               Main;
LayerSetImage             Main 'ContinuumMedium12';
LayerSetAscent            Main 20;
LayerSetCharWidths        Main CharList WidthList;
LayerSetCharWidths        Main (' ') (5);
LayerSetCharOffsets       Main CharList OffsetList;
LayerSetAscentPadding     Main 4;
LayerSetLineSpacingOffset Main -4;
LayerSetPointSize         Main 12;
LayerSetImageMap          Main CharList RectList;

SetDefaultPointSize  12;
