Define CharList
 ( 'A', 'B', 'C', 'D', 'E', 'F', 'G', 'H', 'I', 'J', 'K', 'L', 'M', 'N', 'O', 'P',
   'Q', 'R', 'S', 'T', 'U', 'V', 'W', 'X', 'Y', 'Z', 'a', 'b', 'c', 'd', 'e', 'f',
   'g', 'h', 'i', 'j', 'k', 'l', 'm', 'n', 'o', 'p', 'q', 'r', 's', 't', 'u', 'v',
   'w', 'x', 'y', 'z', '0', '1', '2', '3', '4', '5', '6', '7', '8', '9', '~', '`',
   '!', '@', '#', '$', '%', '^', '&', '*', '(', ')', '-', '_', '=', '+', '[', '{',
   ']', '}', ';', ':',"'", '"', ',', '<', '.', '>', '/', '?');

Define WidthList
 (  12,  12,  11,  12,  11,  10,  12,  12,   4,   5,  11,  10,  16,  12,  12,  11,
    12,  11,  10,   8,  12,  11,  16,  12,  11,  10,  9,  11,   8,  11,  10,   5,
    11,  11,   4,   4,  10,   4,  14,  11,  10,  11,  11,   5,   8,   8,  8,  10,
    14,   9,  11,  10,  12,  12,  12,  12,  12,  12,  12,  12,  12,  12,  10,   6,
     5,  14,  11,  10,  14,   9,  13,   7,   5,   5,   6,  11,  12,  12,   5,   6,
     5,   6,   4,   4,   4,   6,   3,  10,   3,   9,  11,  10);

Define RectList
 ( (   0,  0, 29, 40), (  30,  0, 27, 40), (  58,  0, 25, 40), (  84,  0, 27, 40),
   ( 112,  0, 25, 40), ( 138,  0, 25, 40), ( 164,  0, 27, 40), ( 192,  0, 27, 40),
   ( 220,  0, 19, 40), ( 240,  0, 21, 40), ( 262,  0, 26, 40), ( 289,  0, 25, 40),
   ( 315,  0, 30, 40), ( 346,  0, 26, 40), ( 373,  0, 27, 40), ( 401,  0, 27, 40),
   ( 429,  0, 27, 40), ( 457,  0, 27, 40), ( 485,  0, 26, 40), ( 512,  0, 25, 40),
   ( 538,  0, 26, 40), ( 565,  0, 29, 40), ( 595,  0, 32, 40), ( 628,  0, 30, 40),
   ( 659,  0, 29, 40), ( 689,  0, 26, 40), ( 716,  0, 25, 40), ( 742,  0, 25, 40),
   ( 768,  0, 23, 40), ( 792,  0, 25, 40), ( 818,  0, 25, 40), ( 844,  0, 20, 40),
   ( 865,  0, 25, 40), ( 891,  0, 25, 40), ( 917,  0, 19, 40), ( 937,  0, 20, 40),
   ( 958,  0, 26, 40), ( 985,  0, 19, 40), (1005,  0, 28, 40), (1034,  0, 25, 40),
   (1060,  0, 25, 40), (1086,  0, 25, 40), (1112,  0, 25, 40), (1138,  0, 20, 40),
   (1159,  0, 24, 40), (1184,  0, 20, 40), (1205,  0, 25, 40), (1231,  0, 26, 40),
   (1258,  0, 30, 40), (1289,  0, 26, 40), (1316,  0, 25, 40), (1342,  0, 26, 40),
   (1369,  0, 27, 40), (1397,  0, 19, 40), (1417,  0, 26, 40), (1444,  0, 26, 40),
   (1471,  0, 26, 40), (1498,  0, 26, 40), (1525,  0, 27, 40), (1553,  0, 26, 40),
   (1580,  0, 27, 40), (1608,  0, 27, 40), (1636,  0, 26, 40), (1663,  0, 20, 40),
   (1684,  0, 19, 40), (1704,  0, 29, 40), (1734,  0, 27, 40), (1762,  0, 26, 40),
   (1789,  0, 29, 40), (1819,  0, 27, 40), (1847,  0, 29, 40), (1877,  0, 23, 40),
   (1901,  0, 20, 40), (1922,  0, 20, 40), (1943,  0, 22, 40), (1966,  0, 28, 40),
   (1995,  0, 26, 40), (2022,  0, 26, 40), (2049,  0, 20, 40), (2070,  0, 19, 40),
   (2090,  0, 20, 40), (2111,  0, 20, 40), (2132,  0, 20, 40), (2153,  0, 19, 40),
   (2173,  0, 19, 40), (2193,  0, 21, 40), (2215,  0, 19, 40), (2235,  0, 26, 40),
   (2262,  0, 19, 40), (2282,  0, 27, 40), (2310,  0, 27, 40), (2338,  0, 25, 40));

Define OffsetList
 ( (-9, 0), (-7, 0), (-7, 0), (-7, 0), (-7, 0), (-7, 0), (-7, 0), (-7, 0),
   (-7, 0), (-8, 0), (-7, 0), (-7, 0), (-7, 0), (-7, 0), (-7, 0), (-7, 0),
   (-7, 0), (-7, 0), (-8, 0), (-8, 0), (-7, 0), (-9, 0), (-8, 0), (-9, 0),
   (-9, 0), (-8, 0), (-7, 0), (-7, 0), (-7, 0), (-7, 0), (-7, 0), (-7, 0),
   (-7, 0), (-7, 0), (-8, 0), (-7, 0), (-7, 0), (-7, 0), (-7, 0), (-7, 0),
   (-7, 0), (-7, 0), (-7, 0), (-7, 0), (-8, 0), (-7, 0), (-7, 0), (-8, 0),
   (-8, 0), (-8, 0), (-7, 0), (-8, 0), (-7, 0), (-3, 0), (-7, 0), (-7, 0),
   (-7, 0), (-7, 0), (-7, 0), (-7, 0), (-7, 0), (-7, 0), (-8, 0), (-7, 0),
   (-7, 0), (-8, 0), (-8, 0), (-8, 0), (-8, 0), (-9, 0), (-8, 0), (-8, 0),
   (-7, 0), (-8, 0), (-8, 0), (-9, 0), (-7, 0), (-7, 0), (-7, 0), (-7, 0),
   (-8, 0), (-7, 0), (-8, 0), (-8, 0), (-8, 0), (-8, 0), (-8, 0), (-8, 0),
   (-8, 0), (-9, 0), (-8, 0), (-8, 0));

CreateLayer               Main;
LayerSetImage             Main 'ContinuumMedium14glow';
LayerSetAscent            Main 27;
LayerSetCharWidths        Main CharList WidthList;
LayerSetCharWidths        Main (' ') (5);
LayerSetImageMap          Main CharList RectList;
LayerSetCharOffsets       Main CharList OffsetList;
LayerSetAscentPadding     Main 8;
LayerSetLineSpacingOffset Main -8;
LayerSetPointSize         Main 14;

SetDefaultPointSize  14;
