Define CharList
 ( 'A', 'B', 'C', 'D', 'E', 'F', 'G', 'H', 'I', 'J', 'K', 'L', 'M', 'N', 'O', 'P',
   'Q', 'R', 'S', 'T', 'U', 'V', 'W', 'X', 'Y', 'Z', 'a', 'b', 'c', 'd', 'e', 'f',
   'g', 'h', 'i', 'j', 'k', 'l', 'm', 'n', 'o', 'p', 'q', 'r', 's', 't', 'u', 'v',
   'w', 'x', 'y', 'z', '0', '1', '2', '3', '4', '5', '6', '7', '8', '9', '~', '`',
   '!', '@', '#', '$', '%', '^', '&', '*', '(', ')', '-', '_', '=', '+', '[', '{',
   ']', '}', ';', ':',"'", '"', ',', '<', '.', '>', '/', '?');

Define WidthList
 (  12,  12,  11,  12,  11,  10,  12,  12,   4,   5,  11,  10,  16,  12,  12,  11,
    12,  11,  10,   8,  12,  11,  16,  12,  11,  10,  9,  11,   8,  11,  10,   5,
    11,  11,   4,   4,  10,   4,  14,  11,  10,  11,  11,   5,   8,   8,  8,  10,
    14,   9,  11,  10,  12,  12,  12,  12,  12,  12,  12,  12,  12,  12,  10,   6,
     5,  14,  11,  10,  14,   9,  13,   7,   5,   5,   6,  11,  12,  12,   5,   6,
     5,   6,   4,   4,   4,   6,   3,  10,   3,   9,  11,  10);

Define RectList
 ( (   0,  0, 23, 34), (  24,  0, 21, 34), (  46,  0, 19, 34), (  66,  0, 21, 34),
   (  88,  0, 19, 34), ( 108,  0, 19, 34), ( 128,  0, 21, 34), ( 150,  0, 21, 34),
   ( 172,  0, 13, 34), ( 186,  0, 15, 34), ( 202,  0, 20, 34), ( 223,  0, 19, 34),
   ( 243,  0, 24, 34), ( 268,  0, 20, 34), ( 289,  0, 21, 34), ( 311,  0, 21, 34),
   ( 333,  0, 21, 34), ( 355,  0, 21, 34), ( 377,  0, 20, 34), ( 398,  0, 19, 34),
   ( 418,  0, 20, 34), ( 439,  0, 23, 34), ( 463,  0, 26, 34), ( 490,  0, 24, 34),
   ( 515,  0, 23, 34), ( 539,  0, 20, 34), ( 560,  0, 19, 34), ( 580,  0, 19, 34),
   ( 600,  0, 17, 34), ( 618,  0, 19, 34), ( 638,  0, 19, 34), ( 658,  0, 14, 34),
   ( 673,  0, 19, 34), ( 693,  0, 19, 34), ( 713,  0, 13, 34), ( 727,  0, 14, 34),
   ( 742,  0, 20, 34), ( 763,  0, 13, 34), ( 777,  0, 22, 34), ( 800,  0, 19, 34),
   ( 820,  0, 19, 34), ( 840,  0, 19, 34), ( 860,  0, 19, 34), ( 880,  0, 14, 34),
   ( 895,  0, 18, 34), ( 914,  0, 14, 34), ( 929,  0, 19, 34), ( 949,  0, 20, 34),
   ( 970,  0, 24, 34), ( 995,  0, 20, 34), (1016,  0, 19, 34), (1036,  0, 20, 34),
   (1057,  0, 21, 34), (1079,  0, 13, 34), (1093,  0, 20, 34), (1114,  0, 20, 34),
   (1135,  0, 20, 34), (1156,  0, 20, 34), (1177,  0, 21, 34), (1199,  0, 20, 34),
   (1220,  0, 21, 34), (1242,  0, 21, 34), (1264,  0, 20, 34), (1285,  0, 14, 34),
   (1300,  0, 13, 34), (1314,  0, 23, 34), (1338,  0, 21, 34), (1360,  0, 20, 34),
   (1381,  0, 23, 34), (1405,  0, 21, 34), (1427,  0, 23, 34), (1451,  0, 17, 34),
   (1469,  0, 14, 34), (1484,  0, 14, 34), (1499,  0, 16, 34), (1516,  0, 22, 34),
   (1539,  0, 20, 34), (1560,  0, 20, 34), (1581,  0, 14, 34), (1596,  0, 13, 34),
   (1610,  0, 14, 34), (1625,  0, 14, 34), (1640,  0, 14, 34), (1655,  0, 13, 34),
   (1669,  0, 13, 34), (1683,  0, 15, 34), (1699,  0, 13, 34), (1713,  0, 20, 34),
   (1734,  0, 13, 34), (1748,  0, 21, 34), (1770,  0, 21, 34), (1792,  0, 19, 34));

Define OffsetList
 ( (-6, 0), (-4, 0), (-4, 0), (-4, 0), (-4, 0), (-4, 0), (-4, 0), (-4, 0),
   (-4, 0), (-5, 0), (-4, 0), (-4, 0), (-4, 0), (-4, 0), (-4, 0), (-4, 0),
   (-4, 0), (-4, 0), (-5, 0), (-5, 0), (-4, 0), (-6, 0), (-5, 0), (-6, 0),
   (-6, 0), (-5, 0), (-4, 0), (-4, 0), (-4, 0), (-4, 0), (-4, 0), (-4, 0),
   (-4, 0), (-4, 0), (-5, 0), (-4, 0), (-4, 0), (-4, 0), (-4, 0), (-4, 0),
   (-4, 0), (-4, 0), (-4, 0), (-4, 0), (-5, 0), (-2, 0), (-5, 0), (-5, 0),
   (-5, 0), (-5, 0), (-4, 0), (-5, 0), (-4, 0), ( 0, 0), (-4, 0), (-4, 0),
   (-4, 0), (-4, 0), (-4, 0), (-4, 0), (-4, 0), (-4, 0), (-5, 0), (-4, 0),
   (-4, 0), (-5, 0), (-5, 0), (-5, 0), (-5, 0), (-6, 0), (-5, 0), (-5, 0),
   (-4, 0), (-5, 0), (-5, 0), (-6, 0), (-4, 0), (-4, 0), (-4, 0), (-4, 0),
   (-5, 0), (-4, 0), (-5, 0), (-5, 0), (-5, 0), (-5, 0), (-5, 0), (-5, 0),
   (-5, 0), (-6, 0), (-5, 0), (-5, 0));

CreateLayer               Main;
LayerSetImage             Main 'ContinuumMedium14';
LayerSetAscent            Main 24;
LayerSetCharWidths        Main CharList WidthList;
LayerSetCharWidths        Main (' ') (5);
LayerSetImageMap          Main CharList RectList;
LayerSetCharOffsets       Main CharList OffsetList;
LayerSetAscentPadding     Main 5;
LayerSetLineSpacingOffset Main -5;
LayerSetPointSize         Main 14;

SetDefaultPointSize  14;
