Define CharList
 ( 'A', 'B', 'C', 'D', 'E', 'F', 'G', 'H', 'I', 'J', 'K', 'L', 'M', 'N', 'O', 'P',
   'Q', 'R', 'S', 'T', 'U', 'V', 'W', 'X', 'Y', 'Z', 'a', 'b', 'c', 'd', 'e', 'f',
   'g', 'h', 'i', 'j', 'k', 'l', 'm', 'n', 'o', 'p', 'q', 'r', 's', 't', 'u', 'v',
   'w', 'x', 'y', 'z', '0', '1', '2', '3', '4', '5', '6', '7', '8', '9', '~', '`',
   '!', '@', '#', '$', '%', '^', '&', '*', '(', ')', '-', '_', '=', '+', '[', '{',
   ']', '}', ';', ':',"'", '"', ',', '<', '.', '>', '/', '?');

Define WidthList
 (  18,  19,  17,  21,  16,  16,  20,  23,  12,  13,  21,  15,  25,  19,  21,  19,
    21,  20,  16,  19,  20,  19,  30,  21,  21,  18,  18,  19,  17,  21,  16,  16,
    20,  23,  12,  13,  21,  15,  25,  19,  21,  19,  21,  20,  16,  19,  20,  19,
    30,  21,  21,  18,  17,  12,  13,  14,  16,  15,  15,  16,  17,  16,  18,  18,
    13,  22,  16,  13,  23,  18,  18,  13,  12,  12,  12,  15,  15,  16,  12,  12,
    12,  12,  10,  10,   7,  11,   8,  12,   9,  12,  12,  14);

Define RectList
 ( (   0,  0, 18, 29), (  19,  0, 18, 29), (  38,  0, 15, 29), (  54,  0, 19, 29),
   (  74,  0, 14, 29), (  89,  0, 14, 29), ( 104,  0, 19, 29), ( 124,  0, 21, 29),
   ( 146,  0, 10, 29), ( 157,  0, 13, 29), ( 171,  0, 20, 29), ( 192,  0, 14, 29),
   ( 207,  0, 23, 29), ( 231,  0, 17, 29), ( 249,  0, 19, 29), ( 269,  0, 18, 29),
   ( 288,  0, 19, 29), ( 308,  0, 19, 29), ( 328,  0, 14, 29), ( 343,  0, 17, 29),
   ( 361,  0, 18, 29), ( 380,  0, 19, 29), ( 400,  0, 30, 29), ( 431,  0, 21, 29),
   ( 453,  0, 22, 29), ( 476,  0, 17, 29), ( 494,  0, 18, 29), ( 513,  0, 18, 29),
   ( 532,  0, 15, 29), ( 548,  0, 19, 29), ( 568,  0, 14, 29), ( 583,  0, 14, 29),
   ( 598,  0, 19, 29), ( 618,  0, 21, 29), ( 640,  0, 10, 29), ( 651,  0, 13, 29),
   ( 665,  0, 20, 29), ( 686,  0, 14, 29), ( 701,  0, 23, 29), ( 725,  0, 17, 29),
   ( 743,  0, 19, 29), ( 763,  0, 18, 29), ( 782,  0, 19, 29), ( 802,  0, 19, 29),
   ( 822,  0, 14, 29), ( 837,  0, 17, 29), ( 855,  0, 18, 29), ( 874,  0, 19, 29),
   ( 894,  0, 30, 29), ( 925,  0, 21, 29), ( 947,  0, 22, 29), ( 970,  0, 17, 29),
   ( 988,  0, 15, 29), (1004,  0, 10, 29), (1015,  0, 11, 29), (1027,  0, 12, 29),
   (1040,  0, 17, 29), (1058,  0, 13, 29), (1072,  0, 14, 29), (1087,  0, 15, 29),
   (1103,  0, 15, 29), (1119,  0, 14, 29), (1134,  0, 14, 29), (1149,  0,  0, 29),
   (1150,  0,  7, 29), (1158,  0, 22, 29), (1181,  0, 15, 29), (1197,  0, 11, 29),
   (1209,  0, 20, 29), (1230,  0, 12, 29), (1243,  0, 17, 29), (1261,  0, 11, 29),
   (1273,  0,  9, 29), (1283,  0,  9, 29), (1293,  0,  8, 29), (1302,  0, 15, 29),
   (1318,  0, 11, 29), (1330,  0, 11, 29), (1342,  0, 11, 29), (1354,  0, 11, 29),
   (1366,  0, 11, 29), (1378,  0, 11, 29), (1390,  0,  6, 29), (1397,  0,  6, 29),
   (1404,  0,  3, 29), (1408,  0,  8, 29), (1417,  0,  6, 29), (1424,  0, 10, 29),
   (1435,  0,  6, 29), (1442,  0, 10, 29), (1453,  0, 12, 29), (1466,  0, 12, 29));

Define OffsetList
 ( ( 0, 0), ( 1, 0), ( 1, 0), ( 1, 0), ( 1, 0), ( 1, 0), ( 1, 0), ( 1, 0),
   ( 1, 0), ( 0, 0), ( 1, 0), ( 1, 0), ( 1, 0), ( 1, 0), ( 1, 0), ( 1, 0),
   ( 1, 0), ( 1, 0), ( 1, 0), ( 1, 0), ( 1, 0), ( 0, 0), ( 0, 0), ( 0, 0),
   ( 0, 0), ( 1, 0), ( 0, 0), ( 1, 0), ( 1, 0), ( 1, 0), ( 1, 0), ( 1, 0),
   ( 1, 0), ( 1, 0), ( 1, 0), ( 0, 0), ( 1, 0), ( 1, 0), ( 1, 0), ( 1, 0),
   ( 1, 0), ( 1, 0), ( 1, 0), ( 1, 0), ( 1, 0), ( 1, 0), ( 1, 0), ( 0, 0),
   ( 0, 0), ( 0, 0), ( 0, 0), ( 1, 0), ( 1, 0), ( 0, 0), ( 1, 0), ( 1, 0),
   ( 0, 0), ( 1, 0), ( 1, 0), ( 1, 0), ( 1, 0), ( 1, 0), ( 2, 0), (256, 0),
   ( 3, 0), ( 0, 0), ( 1, 0), ( 1, 0), ( 1, 0), ( 3, 0), ( 1, 0), ( 1, 0),
   ( 2, 0), ( 1, 0), ( 2, 0), ( 0, 0), ( 2, 0), ( 2, 0), ( 1, 0), ( 0, 0),
   ( 0, 0), ( 1, 0), ( 2, 0), ( 2, 0), ( 2, 0), ( 1, 0), ( 1, 0), ( 1, 0),
   ( 1, 0), ( 1, 0), ( 0, 0), ( 2, 0));

CreateLayer               Main;
LayerSetImage             Main '../images/ShowcardGothic22';
LayerSetAscent            Main 23;
LayerSetCharWidths        Main CharList WidthList;
LayerSetCharWidths        Main (' ') (6);
LayerSetImageMap          Main CharList RectList;
LayerSetCharOffsets       Main CharList OffsetList;
LayerSetAscentPadding     Main 0;
LayerSetLineSpacingOffset Main 0;
LayerSetPointSize         Main 22;

SetDefaultPointSize  22;
