Define CharList
 ( 'A', 'B', 'C', 'D', 'E', 'F', 'G', 'H', 'I', 'J', 'K', 'L', 'M', 'N', 'O', 'P',
   'Q', 'R', 'S', 'T', 'U', 'V', 'W', 'X', 'Y', 'Z', 'a', 'b', 'c', 'd', 'e', 'f',
   'g', 'h', 'i', 'j', 'k', 'l', 'm', 'n', 'o', 'p', 'q', 'r', 's', 't', 'u', 'v',
   'w', 'x', 'y', 'z', '0', '1', '2', '3', '4', '5', '6', '7', '8', '9', '~', '`',
   '!', '@', '#', '$', '%', '^', '&', '*', '(', ')', '-', '_', '=', '+', '[', '{',
   ']', '}','\\', '|', ';', ':',"'", '"', ',', '<', '.', '>', '/', '?', '¡', '¢',
   '£', '¥', '§', '©', '®', '¿', 'À', 'Á', 'Â', 'Ã', 'Ä', 'Å', 'Æ', 'Ç', 'È', 'É',
   'Ê', 'Ë', 'Ì', 'Í', 'Î', 'Ï', 'Ð', 'Ñ', 'Ò', 'Ó', 'Ô', 'Õ', 'Ö', 'Ø', 'Ù', 'Ú',
   'Û', 'Ü', 'Ý', 'ß', 'à', 'á', 'â', 'ã', 'ä', 'å', 'æ', 'ç', 'è', 'é', 'ê', 'ë',
   'ì', 'í', 'î', 'ï', 'ð', 'ñ', 'ò', 'ó', 'ô', 'õ', 'ö', 'ø', 'ù', 'ú', 'û', 'ü',
   'ý', 'ÿ');

Define WidthList
 (  12,  12,  11,  13,  11,  10,  13,  13,   8,   9,  12,  10,  15,  13,  13,  11,
    13,  12,  11,  11,  13,  12,  18,  12,  12,  11,  10,  11,   9,  11,  10,   7,
    11,  11,   5,   6,  10,   5,  17,  11,  11,  11,  11,   8,   9,   7,  11,  10,
    15,  10,  10,   9,  11,  11,  11,  11,  11,  11,  11,  11,  11,  11,  14,  11,
     6,  15,  14,  11,  20,  14,  18,  11,   8,   8,   7,  11,  14,  14,   8,  11,
     8,  11,  11,   8,   6,   6,   5,   9,   6,  14,   6,  14,  11,  10,   6,  11,
    11,  11,  11,  15,  15,  10,  12,  12,  12,  12,  12,  12,  17,  11,  11,  11,
    11,  11,   8,   8,   8,   8,  13,  13,  13,  13,  13,  13,  13,  13,  13,  13,
    13,  13,  12,  11,  10,  10,  10,  10,  10,  10,  16,   9,  10,  10,  10,  10,
     5,   5,   5,   5,  11,  11,  11,  11,  11,  11,  11,  11,  11,  11,  11,  11,
    10,  10);

Define RectList
 ( (   0,  0, 13, 19), (  14,  0, 10, 19), (  25,  0, 10, 19), (  36,  0, 12, 19),
   (  49,  0,  9, 19), (  59,  0,  9, 19), (  69,  0, 11, 19), (  81,  0, 11, 19),
   (  93,  0,  7, 19), ( 101,  0,  8, 19), ( 110,  0, 12, 19), ( 123,  0,  9, 19),
   ( 133,  0, 13, 19), ( 147,  0, 11, 19), ( 159,  0, 12, 19), ( 172,  0, 10, 19),
   ( 183,  0, 12, 19), ( 196,  0, 12, 19), ( 209,  0, 10, 19), ( 220,  0, 11, 19),
   ( 232,  0, 11, 19), ( 244,  0, 12, 19), ( 257,  0, 18, 19), ( 276,  0, 12, 19),
   ( 289,  0, 12, 19), ( 302,  0, 11, 19), ( 314,  0,  9, 19), ( 324,  0, 10, 19),
   ( 335,  0,  9, 19), ( 345,  0, 10, 19), ( 356,  0, 10, 19), ( 367,  0,  8, 19),
   ( 376,  0, 10, 19), ( 387,  0,  9, 19), ( 397,  0,  4, 19), ( 402,  0,  6, 19),
   ( 409,  0, 10, 19), ( 420,  0,  4, 19), ( 425,  0, 15, 19), ( 441,  0,  9, 19),
   ( 451,  0, 11, 19), ( 463,  0, 10, 19), ( 474,  0, 10, 19), ( 485,  0,  7, 19),
   ( 493,  0,  9, 19), ( 503,  0,  7, 19), ( 511,  0,  9, 19), ( 521,  0, 11, 19),
   ( 533,  0, 15, 19), ( 549,  0, 11, 19), ( 561,  0, 11, 19), ( 573,  0,  9, 19),
   ( 583,  0, 10, 19), ( 594,  0,  8, 19), ( 603,  0, 10, 19), ( 614,  0, 10, 19),
   ( 625,  0, 11, 19), ( 637,  0, 10, 19), ( 648,  0, 10, 19), ( 659,  0, 10, 19),
   ( 670,  0, 10, 19), ( 681,  0, 10, 19), ( 692,  0, 12, 19), ( 705,  0,  5, 19),
   ( 711,  0,  4, 19), ( 716,  0, 14, 19), ( 731,  0, 12, 19), ( 744,  0, 10, 19),
   ( 755,  0, 19, 19), ( 775,  0, 12, 19), ( 788,  0, 14, 19), ( 803,  0,  9, 19),
   ( 813,  0,  7, 19), ( 821,  0,  6, 19), ( 828,  0,  6, 19), ( 835,  0, 12, 19),
   ( 848,  0, 10, 19), ( 859,  0, 10, 19), ( 870,  0,  5, 19), ( 876,  0,  9, 19),
   ( 886,  0,  6, 19), ( 893,  0,  9, 19), ( 903,  0,  9, 19), ( 913,  0,  3, 19),
   ( 917,  0,  5, 19), ( 923,  0,  3, 19), ( 927,  0,  3, 19), ( 931,  0,  7, 19),
   ( 939,  0,  5, 19), ( 945,  0, 11, 19), ( 957,  0,  4, 19), ( 962,  0, 11, 19),
   ( 974,  0,  9, 19), ( 984,  0,  8, 19), ( 993,  0,  4, 19), ( 998,  0,  9, 19),
   (1008,  0, 10, 19), (1019,  0, 11, 19), (1031,  0, 10, 19), (1042,  0, 14, 19),
   (1057,  0, 14, 19), (1072,  0,  8, 19), (1081,  0, 13, 19), (1095,  0, 13, 19),
   (1109,  0, 13, 19), (1123,  0, 13, 19), (1137,  0, 13, 19), (1151,  0, 13, 19),
   (1165,  0, 17, 19), (1183,  0, 10, 19), (1194,  0,  9, 19), (1204,  0,  9, 19),
   (1214,  0,  9, 19), (1224,  0,  9, 19), (1234,  0,  7, 19), (1242,  0,  7, 19),
   (1250,  0,  7, 19), (1258,  0,  7, 19), (1266,  0, 13, 19), (1280,  0, 11, 19),
   (1292,  0, 12, 19), (1305,  0, 12, 19), (1318,  0, 12, 19), (1331,  0, 12, 19),
   (1344,  0, 12, 19), (1357,  0, 12, 19), (1370,  0, 11, 19), (1382,  0, 11, 19),
   (1394,  0, 11, 19), (1406,  0, 11, 19), (1418,  0, 12, 19), (1431,  0, 10, 19),
   (1442,  0,  9, 19), (1452,  0,  9, 19), (1462,  0,  9, 19), (1472,  0,  9, 19),
   (1482,  0,  9, 19), (1492,  0,  9, 19), (1502,  0, 16, 19), (1519,  0,  9, 19),
   (1529,  0, 10, 19), (1540,  0, 10, 19), (1551,  0, 10, 19), (1562,  0, 10, 19),
   (1573,  0,  5, 19), (1579,  0,  5, 19), (1585,  0,  6, 19), (1592,  0,  6, 19),
   (1599,  0, 11, 19), (1611,  0,  9, 19), (1621,  0, 11, 19), (1633,  0, 11, 19),
   (1645,  0, 11, 19), (1657,  0, 11, 19), (1669,  0, 11, 19), (1681,  0, 11, 19),
   (1693,  0,  9, 19), (1703,  0,  9, 19), (1713,  0,  9, 19), (1723,  0,  9, 19),
   (1733,  0, 11, 19), (1745,  0, 11, 19));

Define OffsetList
 ( ( 0, 0), ( 1, 0), ( 1, 0), ( 1, 0), ( 1, 0), ( 1, 0), ( 1, 0), ( 1, 0),
   ( 1, 0), ( 0, 0), ( 1, 0), ( 1, 0), ( 1, 0), ( 1, 0), ( 1, 0), ( 1, 0),
   ( 1, 0), ( 1, 0), ( 1, 0), ( 0, 0), ( 1, 0), ( 0, 0), ( 0, 0), ( 0, 0),
   ( 0, 0), ( 0, 0), ( 0, 0), ( 1, 0), ( 0, 0), ( 0, 0), ( 0, 0), ( 0, 0),
   ( 0, 0), ( 1, 0), ( 1, 0), (-1, 0), ( 1, 0), ( 1, 0), ( 1, 0), ( 1, 0),
   ( 0, 0), ( 1, 0), ( 0, 0), ( 1, 0), ( 0, 0), ( 0, 0), ( 1, 0), ( 0, 0),
   ( 0, 0), ( 0, 0), ( 0, 0), ( 0, 0), ( 1, 0), ( 2, 0), ( 1, 0), ( 1, 0),
   ( 0, 0), ( 1, 0), ( 1, 0), ( 1, 0), ( 1, 0), ( 1, 0), ( 1, 0), ( 3, 0),
   ( 1, 0), ( 1, 0), ( 1, 0), ( 1, 0), ( 1, 0), ( 1, 0), ( 1, 0), ( 1, 0),
   ( 1, 0), ( 1, 0), ( 1, 0), ( 0, 0), ( 2, 0), ( 2, 0), ( 2, 0), ( 1, 0),
   ( 1, 0), ( 1, 0), ( 1, 0), ( 3, 0), ( 1, 0), ( 2, 0), ( 1, 0), ( 1, 0),
   ( 0, 0), ( 1, 0), ( 1, 0), ( 2, 0), ( 1, 0), ( 1, 0), ( 1, 0), ( 1, 0),
   ( 1, 0), ( 0, 0), ( 1, 0), ( 1, 0), ( 1, 0), ( 1, 0), ( 0, 0), ( 0, 0),
   ( 0, 0), ( 0, 0), ( 0, 0), ( 0, 0), ( 0, 0), ( 1, 0), ( 1, 0), ( 1, 0),
   ( 1, 0), ( 1, 0), ( 1, 0), ( 1, 0), ( 1, 0), ( 1, 0), ( 0, 0), ( 1, 0),
   ( 1, 0), ( 1, 0), ( 1, 0), ( 1, 0), ( 1, 0), ( 1, 0), ( 1, 0), ( 1, 0),
   ( 1, 0), ( 1, 0), ( 0, 0), ( 1, 0), ( 0, 0), ( 0, 0), ( 0, 0), ( 0, 0),
   ( 0, 0), ( 0, 0), ( 0, 0), ( 0, 0), ( 0, 0), ( 0, 0), ( 0, 0), ( 0, 0),
   ( 0, 0), ( 1, 0), ( 0, 0), ( 0, 0), ( 0, 0), ( 1, 0), ( 0, 0), ( 0, 0),
   ( 0, 0), ( 0, 0), ( 0, 0), ( 0, 0), ( 1, 0), ( 1, 0), ( 1, 0), ( 1, 0),
   ( 0, 0), ( 0, 0));

CreateLayer          Main;
LayerSetImage        Main '../images/Verdana12Bold';
LayerSetAscent       Main 16;
LayerSetCharWidths   Main CharList WidthList;
LayerSetCharWidths   Main (' ') (6);
LayerSetImageMap     Main CharList RectList;
LayerSetCharOffsets  Main CharList OffsetList;
LayerSetPointSize    Main 12;

SetDefaultPointSize  12;
