Define CharList
 ( 'A', 'B', 'C', 'D', 'E', 'F', 'G', 'H', 'I', 'J', 'K', 'L', 'M', 'N', 'O', 'P',
   'Q', 'R', 'S', 'T', 'U', 'V', 'W', 'X', 'Y', 'Z', 'a', 'b', 'c', 'd', 'e', 'f',
   'g', 'h', 'i', 'j', 'k', 'l', 'm', 'n', 'o', 'p', 'q', 'r', 's', 't', 'u', 'v',
   'w', 'x', 'y', 'z', '0', '1', '2', '3', '4', '5', '6', '7', '8', '9', '~', '`',
   '!', '@', '#', '$', '%', '^', '&', '*', '(', ')', '-', '_', '=', '+', '[', '{',
   ']', '}', ';', ':',"'", '"', ',', '<', '.', '>', '/', '?');

Define WidthList
 (  19,  18,  17,  20,  16,  16,  19,  20,  13,  13,  19,  15,  23,  20,  20,  18,
    20,  19,  17,  16,  19,  18,  27,  18,  18,  17,  16,  17,  14,  17,  16,  10,
    17,  17,   8,  10,  16,   8,  25,  17,  16,  17,  17,  12,  14,  11,  17,  16,
    24,  16,  16,  14,  17,  17,  17,  17,  17,  17,  17,  17,  17,  17,  21,  17,
    10,  23,  21,  17,  31,  21,  21,  17,  13,  13,  12,  17,  21,  21,  13,  17,
    13,  17,  10,  10,   8,  14,   9,  21,   9,  21,  17,  15);

Define RectList
 ( (   0,  0, 19, 29), (  20,  0, 15, 29), (  36,  0, 15, 29), (  52,  0, 17, 29),
   (  70,  0, 12, 29), (  83,  0, 13, 29), (  97,  0, 16, 29), ( 114,  0, 16, 29),
   ( 131,  0, 11, 29), ( 143,  0, 10, 29), ( 154,  0, 17, 29), ( 172,  0, 13, 29),
   ( 186,  0, 19, 29), ( 206,  0, 16, 29), ( 223,  0, 18, 29), ( 242,  0, 15, 29),
   ( 258,  0, 18, 29), ( 277,  0, 17, 29), ( 295,  0, 15, 29), ( 311,  0, 15, 29),
   ( 327,  0, 15, 29), ( 343,  0, 18, 29), ( 362,  0, 25, 29), ( 388,  0, 18, 29),
   ( 407,  0, 17, 29), ( 425,  0, 15, 29), ( 441,  0, 13, 29), ( 455,  0, 14, 29),
   ( 470,  0, 12, 29), ( 483,  0, 14, 29), ( 498,  0, 14, 29), ( 513,  0, 10, 29),
   ( 524,  0, 14, 29), ( 539,  0, 13, 29), ( 553,  0,  5, 29), ( 559,  0,  9, 29),
   ( 569,  0, 14, 29), ( 584,  0,  5, 29), ( 590,  0, 21, 29), ( 612,  0, 13, 29),
   ( 626,  0, 14, 29), ( 641,  0, 14, 29), ( 656,  0, 14, 29), ( 671,  0, 10, 29),
   ( 682,  0, 12, 29), ( 695,  0, 10, 29), ( 706,  0, 13, 29), ( 720,  0, 16, 29),
   ( 737,  0, 22, 29), ( 760,  0, 16, 29), ( 777,  0, 16, 29), ( 794,  0, 12, 29),
   ( 807,  0, 15, 29), ( 823,  0, 13, 29), ( 837,  0, 14, 29), ( 852,  0, 13, 29),
   ( 866,  0, 15, 29), ( 882,  0, 13, 29), ( 896,  0, 14, 29), ( 911,  0, 13, 29),
   ( 925,  0, 15, 29), ( 941,  0, 14, 29), ( 956,  0, 17, 29), ( 974,  0,  7, 29),
   ( 982,  0,  5, 29), ( 988,  0, 19, 29), (1008,  0, 17, 29), (1026,  0, 14, 29),
   (1041,  0, 27, 29), (1069,  0, 16, 29), (1086,  0, 20, 29), (1107,  0, 12, 29),
   (1120,  0,  9, 29), (1130,  0,  9, 29), (1140,  0,  9, 29), (1150,  0, 17, 29),
   (1168,  0, 15, 29), (1184,  0, 15, 29), (1200,  0,  8, 29), (1209,  0, 13, 29),
   (1223,  0,  8, 29), (1232,  0, 13, 29), (1246,  0,  7, 29), (1254,  0,  5, 29),
   (1260,  0,  4, 29), (1265,  0, 10, 29), (1276,  0,  7, 29), (1284,  0, 16, 29),
   (1301,  0,  5, 29), (1307,  0, 16, 29), (1324,  0, 13, 29), (1338,  0, 12, 29));

Define OffsetList
 ( ( 0, 0), ( 2, 0), ( 1, 0), ( 2, 0), ( 2, 0), ( 2, 0), ( 1, 0), ( 2, 0),
   ( 1, 0), ( 1, 0), ( 2, 0), ( 2, 0), ( 2, 0), ( 2, 0), ( 1, 0), ( 2, 0),
   ( 1, 0), ( 2, 0), ( 1, 0), ( 1, 0), ( 2, 0), ( 0, 0), ( 1, 0), ( 0, 0),
   ( 1, 0), ( 1, 0), ( 1, 0), ( 2, 0), ( 1, 0), ( 1, 0), ( 1, 0), ( 0, 0),
   ( 1, 0), ( 2, 0), ( 2, 0), (-1, 0), ( 2, 0), ( 2, 0), ( 2, 0), ( 2, 0),
   ( 1, 0), ( 2, 0), ( 1, 0), ( 2, 0), ( 1, 0), ( 0, 0), ( 2, 0), ( 0, 0),
   ( 1, 0), ( 0, 0), ( 0, 0), ( 1, 0), ( 1, 0), ( 3, 0), ( 2, 0), ( 2, 0),
   ( 1, 0), ( 2, 0), ( 2, 0), ( 2, 0), ( 1, 0), ( 1, 0), ( 2, 0), ( 4, 0),
   ( 2, 0), ( 2, 0), ( 2, 0), ( 2, 0), ( 2, 0), ( 2, 0), ( 1, 0), ( 2, 0),
   ( 2, 0), ( 2, 0), ( 1, 0), ( 0, 0), ( 3, 0), ( 3, 0), ( 3, 0), ( 2, 0),
   ( 2, 0), ( 3, 0), ( 2, 0), ( 3, 0), ( 2, 0), ( 2, 0), ( 0, 0), ( 2, 0),
   ( 2, 0), ( 3, 0), ( 1, 0), ( 2, 0));

CreateLayer               Main;
LayerSetImage             Main '../images/Verdana18Bold';
LayerSetAscent            Main 24;
LayerSetCharWidths        Main CharList WidthList;
LayerSetCharWidths        Main (' ') (8);
LayerSetImageMap          Main CharList RectList;
LayerSetCharOffsets       Main CharList OffsetList;
LayerSetAscentPadding     Main 0;
LayerSetLineSpacingOffset Main 0;
LayerSetPointSize         Main 18;

SetDefaultPointSize  18;
