Define CharList
 ( 'A', 'B', 'C', 'D', 'E', 'F', 'G', 'H', 'I', 'J', 'K', 'L', 'M', 'N', 'O', 'P',
   'Q', 'R', 'S', 'T', 'U', 'V', 'W', 'X', 'Y', 'Z', 'a', 'b', 'c', 'd', 'e', 'f',
   'g', 'h', 'i', 'j', 'k', 'l', 'm', 'n', 'o', 'p', 'q', 'r', 's', 't', 'u', 'v',
   'w', 'x', 'y', 'z', '0', '1', '2', '3', '4', '5', '6', '7', '8', '9', '~', '`',
   '!', '@', '#', '$', '%', '^', '&', '*', '(', ')', '-', '_', '=', '+', '[', '{',
   ']', '}', ';', ':',"'", '"', ',', '<', '.', '>', '/', '?');

Define WidthList
 (  27,  27,  25,  28,  25,  24,  27,  28,  10,  13,  25,  23,  36,  27,  28,  26,
    27,  27,  24,  18,  27,  27,  36,  28,  25,  23,  25,  24,  20,  24,  24,  11,
    25,  25,   9,  10,  23,   9,  32,  24,  25,  25,  25,  11,  21,  10,  24,  22,
    32,  22,  24,  23,  28,  28,  28,  28,  29,  28,  28,  28,  28,  28,  24,  15,
    11,  32,  26,  24,  31,  21,  31,  17,  11,  11,  14,  24,  28,  28,  12,  14,
    12,  14,   9,   9,   8,  13,   8,  24,   8,  21,  25,  22);

Define RectList
 ( (   0,  0, 53, 79), (  54,  0, 47, 79), ( 102,  0, 45, 79), ( 148,  0, 47, 79),
   ( 196,  0, 45, 79), ( 242,  0, 46, 79), ( 289,  0, 47, 79), ( 337,  0, 47, 79),
   ( 385,  0, 29, 79), ( 415,  0, 33, 79), ( 449,  0, 48, 79), ( 498,  0, 45, 79),
   ( 544,  0, 56, 79), ( 601,  0, 47, 79), ( 649,  0, 47, 79), ( 697,  0, 47, 79),
   ( 745,  0, 47, 79), ( 793,  0, 47, 79), ( 841,  0, 45, 79), ( 887,  0, 43, 79),
   ( 931,  0, 47, 79), ( 979,  0, 52, 79), (1032,  0, 60, 79), (1093,  0, 54, 79),
   (1148,  0, 51, 79), (1200,  0, 45, 79), (1246,  0, 44, 79), (1291,  0, 44, 79),
   (1336,  0, 40, 79), (1377,  0, 44, 79), (1422,  0, 44, 79), (1467,  0, 33, 79),
   (1501,  0, 44, 79), (1546,  0, 44, 79), (1591,  0, 30, 79), (1622,  0, 32, 79),
   (1655,  0, 45, 79), (1701,  0, 29, 79), (1731,  0, 51, 79), (1783,  0, 44, 79),
   (1828,  0, 44, 79), (1873,  0, 44, 79), (1918,  0, 44, 79), (1963,  0, 33, 79),
   (1997,  0, 42, 79), (2040,  0, 33, 79), (2074,  0, 44, 79), (2119,  0, 47, 79),
   (2167,  0, 56, 79), (2224,  0, 46, 79), (2271,  0, 44, 79), (2316,  0, 45, 79),
   (2362,  0, 47, 79), (2410,  0, 29, 79), (2440,  0, 45, 79), (2486,  0, 45, 79),
   (2532,  0, 44, 79), (2577,  0, 45, 79), (2623,  0, 47, 79), (2671,  0, 46, 79),
   (2718,  0, 47, 79), (2766,  0, 47, 79), (2814,  0, 46, 79), (2861,  0, 33, 79),
   (2895,  0, 30, 79), (2926,  0, 53, 79), (2980,  0, 49, 79), (3030,  0, 45, 79),
   (3076,  0, 53, 79), (3130,  0, 47, 79), (3178,  0, 53, 79), (3232,  0, 39, 79),
   (3272,  0, 32, 79), (3305,  0, 32, 79), (3338,  0, 36, 79), (3375,  0, 50, 79),
   (3426,  0, 48, 79), (3475,  0, 48, 79), (3524,  0, 33, 79), (3558,  0, 35, 79),
   (3594,  0, 33, 79), (3628,  0, 34, 79), (3663,  0, 31, 79), (3695,  0, 31, 79),
   (3727,  0, 29, 79), (3757,  0, 34, 79), (3792,  0, 30, 79), (3823,  0, 45, 79),
   (3869,  0, 30, 79), (3900,  0, 45, 79), (3946,  0, 47, 79), (3994,  0, 45, 79));

Define OffsetList
 ( (-13, 0), (-10, 0), (-10, 0), (-10, 0), (-10, 0), (-10, 0), (-10, 0), (-10, 0),
   (-10, 0), (-11, 0), (-10, 0), (-10, 0), (-10, 0), (-10, 0), (-10, 0), (-10, 0),
   (-10, 0), (-10, 0), (-11, 0), (-12, 0), (-10, 0), (-13, 0), (-12, 0), (-13, 0),
   (-13, 0), (-11, 0), (-10, 0), (-10, 0), (-10, 0), (-10, 0), (-10, 0), (-10, 0),
   (-10, 0), (-10, 0), (-11, 0), (-12, 0), (-10, 0), (-10, 0), (-10, 0), (-10, 0),
   (-10, 0), (-10, 0), (-10, 0), (-10, 0), (-11, 0), (-10, 0), (-10, 0), (-12, 0),
   (-12, 0), (-12, 0), (-10, 0), (-11, 0), (-10, 0), (-1, 0), (-9, 0), (-9, 0),
   (-9, 0), (-9, 0), (-10, 0), (-9, 0), (-10, 0), (-10, 0), (-11, 0), (-11, 0),
   (-10, 0), (-11, 0), (-11, 0), (-11, 0), (-11, 0), (-13, 0), (-11, 0), (-11, 0),
   (-10, 0), (-11, 0), (-11, 0), (-13, 0), (-10, 0), (-10, 0), (-10, 0), (-10, 0),
   (-11, 0), (-10, 0), (-11, 0), (-11, 0), (-10, 0), (-10, 0), (-11, 0), (-11, 0),
   (-11, 0), (-12, 0), (-11, 0), (-12, 0));

CreateLayer               Main;
LayerSetImage             Main 'ContinuumMedium33glow';
LayerSetAscent            Main 56;
LayerSetCharWidths        Main CharList WidthList;
LayerSetCharWidths        Main (' ') (12);
LayerSetImageMap          Main CharList RectList;
LayerSetCharOffsets       Main CharList OffsetList;
LayerSetAscentPadding     Main 12;
LayerSetLineSpacingOffset Main -12;
LayerSetPointSize         Main 33;

SetDefaultPointSize  33;
